0.0000 4.3111
0.0100 3.2738
0.0200 5.8946
0.0300 6.7133
0.0400 6.3814
0.0501 6.5490
0.0601 7.7740
0.0701 4.0657
0.0801 4.5706
0.0901 7.4248
0.1001 4.3977
0.1101 6.3504
0.1201 5.6770
0.1301 4.2817
0.1401 6.3104
0.1502 6.4800
0.1602 3.8810
0.1702 8.0781
0.1802 3.5727
0.1902 6.4453
0.2002 4.7365
0.2102 4.2354
0.2202 7.7734
0.2302 6.4193
0.2402 4.9724
0.2503 5.1485
0.2603 6.4995
0.2703 5.5069
0.2803 8.2282
0.2903 7.9231
0.3003 6.5692
0.3103 7.2760
0.3203 3.5593
0.3303 4.6087
0.3403 7.0341
0.3504 6.4802
0.3604 9.2213
0.3704 7.8146
0.3804 7.7399
0.3904 4.9085
0.4004 4.9769
0.4104 6.7638
0.4204 6.2965
0.4304 9.6037
0.4404 7.0935
0.4505 4.7980
0.4605 6.2273
0.4705 8.7328
0.4805 5.5644
0.4905 6.6239
0.5005 7.1678
0.5105 8.5627
0.5205 7.6326
0.5305 6.1133
0.5405 9.9771
0.5506 8.2813
0.5606 7.3945
0.5706 9.6898
0.5806 6.7856
0.5906 7.3207
0.6006 6.7487
0.6106 6.8356
0.6206 7.5216
0.6306 8.5474
0.6406 5.8992
0.6507 9.5667
0.6607 7.0083
0.6707 8.5230
0.6807 9.7850
0.6907 7.0907
0.7007 7.0243
0.7107 7.1693
0.7207 8.3784
0.7307 9.2726
0.7407 8.2753
0.7508 10.1570
0.7608 8.4093
0.7708 10.3824
0.7808 7.5015
0.7908 8.0143
0.8008 7.7004
0.8108 11.2082
0.8208 11.7601
0.8308 6.9958
0.8408 7.9810
0.8509 9.1490
0.8609 10.7093
0.8709 7.0410
0.8809 6.7462
0.8909 9.9543
0.9009 7.5498
0.9109 7.6037
0.9209 10.3045
0.9309 7.0782
0.9409 7.7116
0.9510 7.9767
0.9610 8.7905
0.9710 7.2840
0.9810 5.8793
0.9910 8.4867
1.0010 9.8105
1.0110 8.5203
1.0210 7.6801
1.0310 7.2833
1.0410 9.4945
1.0511 9.3668
1.0611 7.9455
1.0711 11.2328
1.0811 8.9058
1.0911 7.4963
1.1011 10.6682
1.1111 9.9040
1.1211 10.2628
1.1311 9.2796
1.1411 11.5975
1.1512 8.3716
1.1612 9.4420
1.1712 9.5914
1.1812 6.9818
1.1912 11.0839
1.2012 8.3551
1.2112 8.5134
1.2212 5.2364
1.2312 9.2705
1.2412 7.7844
1.2513 9.7243
1.2613 10.1640
1.2713 11.1051
1.2813 9.6157
1.2913 10.0052
1.3013 11.2457
1.3113 7.9487
1.3213 11.1176
1.3313 10.1859
1.3413 9.9599
1.3514 11.2840
1.3614 7.9976
1.3714 11.1505
1.3814 10.0980
1.3914 9.2957
1.4014 6.9079
1.4114 12.2914
1.4214 8.7283
1.4314 11.9170
1.4414 12.0977
1.4515 8.4939
1.4615 9.0422
1.4715 10.9669
1.4815 5.6449
1.4915 9.8637
1.5015 11.6573
1.5115 7.5125
1.5215 10.4227
1.5315 12.0431
1.5415 8.5269
1.5516 9.9852
1.5616 12.1853
1.5716 9.9794
1.5816 9.2118
1.5916 11.5950
1.6016 11.6704
1.6116 12.7268
1.6216 9.1121
1.6316 12.1198
1.6416 7.5791
1.6517 9.6410
1.6617 11.4710
1.6717 9.9573
1.6817 10.7486
1.6917 9.2624
1.7017 11.2131
1.7117 12.3347
1.7217 9.9030
1.7317 9.5463
1.7417 12.0318
1.7518 10.5508
1.7618 11.3826
1.7718 12.1693
1.7818 11.4112
1.7918 14.4164
1.8018 11.5574
1.8118 11.5893
1.8218 15.0755
1.8318 12.2274
1.8418 10.3822
1.8519 8.9989
1.8619 13.6900
1.8719 12.0448
1.8819 11.8975
1.8919 13.5027
1.9019 10.8744
1.9119 11.8873
1.9219 10.3756
1.9319 11.6110
1.9419 14.4309
1.9520 9.0888
1.9620 10.6496
1.9720 11.1474
1.9820 12.1397
1.9920 11.6115
2.0020 11.6319
2.0120 11.5936
2.0220 11.4194
2.0320 13.7113
2.0420 12.7075
2.0521 14.7940
2.0621 12.9749
2.0721 13.5818
2.0821 13.1923
2.0921 12.9018
2.1021 12.5154
2.1121 13.8170
2.1221 15.4911
2.1321 13.8986
2.1421 11.7446
2.1522 12.4771
2.1622 12.3211
2.1722 15.0858
2.1822 14.7903
2.1922 14.5155
2.2022 13.0058
2.2122 11.9607
2.2222 12.6268
2.2322 12.5731
2.2422 11.2085
2.2523 12.2522
2.2623 13.4351
2.2723 12.2206
2.2823 14.0700
2.2923 13.7869
2.3023 13.4216
2.3123 13.7915
2.3223 15.7364
2.3323 13.9493
2.3423 15.9188
2.3524 11.1122
2.3624 12.2308
2.3724 16.0829
2.3824 12.9195
2.3924 13.9470
2.4024 13.4715
2.4124 13.3420
2.4224 12.9784
2.4324 14.9505
2.4424 13.8508
2.4525 13.3228
2.4625 14.4774
2.4725 13.2747
2.4825 15.5040
2.4925 14.0872
2.5025 14.5470
2.5125 13.3484
2.5225 12.3188
2.5325 14.0955
2.5425 12.5370
2.5526 15.3635
2.5626 12.4874
2.5726 13.1187
2.5826 13.7391
2.5926 14.6175
2.6026 16.3201
2.6126 13.1291
2.6226 15.1668
2.6326 13.6413
2.6426 13.6227
2.6527 13.4126
2.6627 18.1078
2.6727 13.2197
2.6827 13.4003
2.6927 14.4785
2.7027 13.4389
2.7127 15.7650
2.7227 12.8890
2.7327 12.2950
2.7427 15.0312
2.7528 13.6559
2.7628 15.6470
2.7728 15.3608
2.7828 15.1188
2.7928 14.0494
2.8028 17.7138
2.8128 16.3826
2.8228 16.1635
2.8328 15.7349
2.8428 15.4828
2.8529 15.3321
2.8629 14.6914
2.8729 15.9462
2.8829 15.4512
2.8929 17.2615
2.9029 17.4726
2.9129 14.7269
2.9229 15.2690
2.9329 16.5131
2.9429 15.5539
2.9530 16.1984
2.9630 16.2555
2.9730 15.9145
2.9830 18.8618
2.9930 15.0924
3.0030 13.5096
3.0130 16.3401
3.0230 17.1458
3.0330 19.1598
3.0430 15.3401
3.0531 14.8777
3.0631 15.6330
3.0731 18.7431
3.0831 17.0505
3.0931 16.5318
3.1031 13.1296
3.1131 18.7941
3.1231 17.4946
3.1331 18.0388
3.1431 17.8784
3.1532 19.4789
3.1632 17.0619
3.1732 15.7612
3.1832 15.1870
3.1932 16.2994
3.2032 17.7454
3.2132 16.1821
3.2232 15.2900
3.2332 18.2317
3.2432 18.4160
3.2533 16.2279
3.2633 15.9838
3.2733 13.8998
3.2833 18.6856
3.2933 19.3572
3.3033 18.2011
3.3133 18.2352
3.3233 19.5936
3.3333 17.4424
3.3433 17.5331
3.3534 18.3063
3.3634 19.1198
3.3734 18.1734
3.3834 18.1140
3.3934 16.3202
3.4034 18.2899
3.4134 17.6283
3.4234 19.1889
3.4334 17.6812
3.4434 19.0164
3.4535 19.3423
3.4635 21.1598
3.4735 17.5071
3.4835 19.2116
3.4935 19.0670
3.5035 18.8324
3.5135 18.3793
3.5235 18.6007
3.5335 20.0278
3.5435 19.1800
3.5536 19.2823
3.5636 19.3867
3.5736 16.5468
3.5836 18.9602
3.5936 17.6234
3.6036 19.5018
3.6136 18.3592
3.6236 22.6786
3.6336 19.8495
3.6436 17.3939
3.6537 17.2387
3.6637 19.1499
3.6737 17.3240
3.6837 19.6532
3.6937 17.8022
3.7037 16.6513
3.7137 20.4290
3.7237 19.0216
3.7337 19.6317
3.7437 18.7008
3.7538 21.5592
3.7638 19.7974
3.7738 21.0760
3.7838 22.2765
3.7938 17.9886
3.8038 18.5256
3.8138 18.7352
3.8238 22.2457
3.8338 21.3398
3.8438 22.4679
3.8539 22.7813
3.8639 19.2993
3.8739 20.3403
3.8839 22.3525
3.8939 17.7160
3.9039 24.7841
3.9139 21.8812
3.9239 20.7752
3.9339 20.5281
3.9439 19.4567
3.9540 21.2463
3.9640 21.7408
3.9740 21.0920
3.9840 19.3407
3.9940 22.0832
4.0040 22.6527
4.0140 21.4918
4.0240 20.6148
4.0340 21.4688
4.0440 18.1038
4.0541 21.5138
4.0641 20.2491
4.0741 18.2074
4.0841 20.0628
4.0941 22.1770
4.1041 19.6766
4.1141 19.8123
4.1241 20.5321
4.1341 22.3255
4.1441 20.7799
4.1542 23.6586
4.1642 24.2245
4.1742 23.8568
4.1842 21.7885
4.1942 22.0681
4.2042 23.4051
4.2142 22.0507
4.2242 20.5506
4.2342 23.2943
4.2442 20.7941
4.2543 24.1817
4.2643 22.8325
4.2743 22.8678
4.2843 25.1532
4.2943 22.8135
4.3043 23.4816
4.3143 21.7402
4.3243 22.3509
4.3343 23.0353
4.3443 23.2116
4.3544 22.7461
4.3644 22.9116
4.3744 22.7411
4.3844 20.6746
4.3944 22.7952
4.4044 23.6250
4.4144 24.2642
4.4244 22.9873
4.4344 22.7756
4.4444 25.5261
4.4545 22.8001
4.4645 20.3760
4.4745 21.0100
4.4845 22.5397
4.4945 24.7148
4.5045 24.7836
4.5145 24.7263
4.5245 25.3346
4.5345 27.8968
4.5445 24.8361
4.5546 24.9039
4.5646 26.3347
4.5746 23.3789
4.5846 25.1962
4.5946 23.9209
4.6046 23.2600
4.6146 23.6038
4.6246 24.9367
4.6346 25.3420
4.6446 23.5970
4.6547 21.5321
4.6647 24.1386
4.6747 23.8221
4.6847 26.3111
4.6947 24.0037
4.7047 25.8968
4.7147 25.6014
4.7247 26.2466
4.7347 25.2744
4.7447 22.4754
4.7548 25.7364
4.7648 22.7786
4.7748 25.1245
4.7848 25.2912
4.7948 27.0170
4.8048 25.6580
4.8148 24.2534
4.8248 22.8833
4.8348 23.9985
4.8448 27.8569
4.8549 25.0775
4.8649 29.4678
4.8749 27.0080
4.8849 25.0250
4.8949 25.4282
4.9049 23.2252
4.9149 26.3578
4.9249 23.5974
4.9349 24.2370
4.9449 25.2692
4.9550 26.0874
4.9650 26.2259
4.9750 26.8141
4.9850 26.4755
4.9950 27.2014
5.0050 28.9870
5.0150 27.6069
5.0250 28.5209
5.0350 28.3807
5.0450 25.8038
5.0551 26.4266
5.0651 27.4984
5.0751 28.3019
5.0851 27.4462
5.0951 26.2679
5.1051 28.4879
5.1151 28.1927
5.1251 26.4896
5.1351 25.4174
5.1451 27.8334
5.1552 25.4446
5.1652 27.8312
5.1752 28.7558
5.1852 26.8655
5.1952 26.7600
5.2052 26.3349
5.2152 25.9973
5.2252 27.4884
5.2352 26.1375
5.2452 27.4733
5.2553 27.6948
5.2653 25.6550
5.2753 28.4058
5.2853 24.8682
5.2953 25.6186
5.3053 28.2553
5.3153 26.6024
5.3253 29.4767
5.3353 29.7966
5.3453 29.9552
5.3554 28.7540
5.3654 28.1802
5.3754 30.1834
5.3854 29.8584
5.3954 28.0722
5.4054 29.5031
5.4154 28.4926
5.4254 27.3510
5.4354 30.6389
5.4454 29.5738
5.4555 30.8887
5.4655 28.6025
5.4755 25.4547
5.4855 29.4429
5.4955 29.1091
5.5055 29.0080
5.5155 28.2795
5.5255 30.2646
5.5355 29.0246
5.5455 28.7299
5.5556 30.5075
5.5656 31.0986
5.5756 29.1250
5.5856 29.7189
5.5956 28.7730
5.6056 28.7679
5.6156 29.7747
5.6256 27.4721
5.6356 27.9302
5.6456 29.2145
5.6557 31.4771
5.6657 27.1900
5.6757 28.6311
5.6857 30.7920
5.6957 30.9129
5.7057 27.9037
5.7157 28.9603
5.7257 31.8397
5.7357 29.2638
5.7457 31.0281
5.7558 31.2502
5.7658 30.8580
5.7758 33.1988
5.7858 31.6159
5.7958 30.4018
5.8058 32.2266
5.8158 29.9583
5.8258 31.6272
5.8358 32.9451
5.8458 29.4180
5.8559 31.4347
5.8659 31.2380
5.8759 29.9339
5.8859 31.6443
5.8959 30.5414
5.9059 33.2462
5.9159 32.2123
5.9259 32.6417
5.9359 31.6086
5.9459 32.8945
5.9560 31.9975
5.9660 31.9232
5.9760 31.2351
5.9860 30.8577
5.9960 29.9147
6.0060 31.9453
6.0160 33.7345
6.0260 34.8707
6.0360 33.6777
6.0460 34.7582
6.0561 31.6132
6.0661 32.0844
6.0761 32.3504
6.0861 34.5669
6.0961 32.9685
6.1061 30.2364
6.1161 32.5218
6.1261 31.5820
6.1361 35.4417
6.1461 31.9500
6.1562 35.1152
6.1662 31.6540
6.1762 29.6639
6.1862 32.0211
6.1962 32.7816
6.2062 33.5194
6.2162 33.8137
6.2262 31.6725
6.2362 35.9270
6.2462 30.4933
6.2563 31.9006
6.2663 32.7077
6.2763 33.0685
6.2863 30.6508
6.2963 34.1269
6.3063 33.0129
6.3163 30.2319
6.3263 32.5221
6.3363 33.5738
6.3463 33.0544
6.3564 33.2644
6.3664 34.7361
6.3764 35.1901
6.3864 36.3450
6.3964 36.6190
6.4064 34.7220
6.4164 35.2831
6.4264 34.9866
6.4364 32.2258
6.4464 35.2625
6.4565 36.2257
6.4665 35.8719
6.4765 36.9260
6.4865 33.5070
6.4965 34.1987
6.5065 34.5627
6.5165 36.0829
6.5265 33.4037
6.5365 37.0755
6.5465 35.8822
6.5566 36.6892
6.5666 35.7575
6.5766 36.8536
6.5866 34.1645
6.5966 38.3343
6.6066 34.8995
6.6166 35.3440
6.6266 37.8382
6.6366 36.0141
6.6466 34.2680
6.6567 38.0884
6.6667 34.9012
6.6767 37.4903
6.6867 38.2739
6.6967 37.6182
6.7067 36.4431
6.7167 37.4770
6.7267 34.7923
6.7367 34.5061
6.7467 36.3209
6.7568 34.4784
6.7668 37.2178
6.7768 40.7167
6.7868 36.2449
6.7968 38.3285
6.8068 36.1440
6.8168 39.2571
6.8268 37.7231
6.8368 35.9163
6.8468 38.0470
6.8569 40.4340
6.8669 38.5206
6.8769 38.7779
6.8869 36.2693
6.8969 37.1484
6.9069 38.8356
6.9169 37.0437
6.9269 38.0187
6.9369 39.0419
6.9469 37.1757
6.9570 40.2914
6.9670 37.6760
6.9770 40.3179
6.9870 38.9422
6.9970 37.4636
7.0070 38.0062
7.0170 38.5557
7.0270 37.1199
7.0370 41.4625
7.0470 40.0458
7.0571 35.5246
7.0671 38.7041
7.0771 39.7282
7.0871 36.6689
7.0971 39.3669
7.1071 40.3439
7.1171 38.3166
7.1271 40.3538
7.1371 40.6228
7.1471 41.7313
7.1572 42.1172
7.1672 38.9354
7.1772 38.3685
7.1872 39.3016
7.1972 39.7053
7.2072 40.1102
7.2172 38.9806
7.2272 40.4285
7.2372 40.6173
7.2472 40.0945
7.2573 40.2729
7.2673 38.3588
7.2773 41.4934
7.2873 40.3298
7.2973 39.5270
7.3073 39.6567
7.3173 40.5051
7.3273 42.2207
7.3373 39.0904
7.3473 44.0345
7.3574 42.5809
7.3674 41.7495
7.3774 39.3456
7.3874 41.7522
7.3974 39.7612
7.4074 40.1817
7.4174 40.7584
7.4274 41.2815
7.4374 42.1908
7.4474 37.6214
7.4575 38.8915
7.4675 42.2980
7.4775 43.5636
7.4875 37.2676
7.4975 41.4547
7.5075 40.8463
7.5175 42.7562
7.5275 41.7393
7.5375 41.8477
7.5475 42.7857
7.5576 41.6392
7.5676 39.8602
7.5776 42.7961
7.5876 43.6837
7.5976 43.5813
7.6076 40.3444
7.6176 43.3948
7.6276 40.6139
7.6376 43.7950
7.6476 43.0987
7.6577 43.1668
7.6677 41.5484
7.6777 43.0232
7.6877 41.3098
7.6977 45.2826
7.7077 46.4347
7.7177 43.3473
7.7277 43.1313
7.7377 44.5880
7.7477 42.2455
7.7578 44.7702
7.7678 42.5320
7.7778 42.8078
7.7878 42.6667
7.7978 44.2349
7.8078 44.4994
7.8178 42.8725
7.8278 44.7416
7.8378 43.1735
7.8478 43.4909
7.8579 44.5295
7.8679 45.8119
7.8779 44.7318
7.8879 41.3538
7.8979 43.8815
7.9079 46.2885
7.9179 46.8637
7.9279 45.3321
7.9379 45.3968
7.9479 44.2728
7.9580 42.7833
7.9680 46.1537
7.9780 44.2091
7.9880 40.4085
7.9980 44.4522
8.0080 44.4081
8.0180 43.3601
8.0280 45.1247
8.0380 44.9831
8.0480 44.1723
8.0581 47.1366
8.0681 45.5885
8.0781 45.4994
8.0881 47.0805
8.0981 47.1774
8.1081 44.5948
8.1181 46.0633
8.1281 46.6986
8.1381 48.8125
8.1481 44.1924
8.1582 46.8018
8.1682 45.7764
8.1782 45.0362
8.1882 48.5765
8.1982 46.2191
8.2082 45.9340
8.2182 44.0984
8.2282 46.5210
8.2382 46.7917
8.2482 41.8187
8.2583 46.2038
8.2683 46.0375
8.2783 47.6494
8.2883 47.0867
8.2983 48.8394
8.3083 48.0920
8.3183 45.9744
8.3283 48.1500
8.3383 49.3510
8.3483 47.7741
8.3584 51.0059
8.3684 50.2042
8.3784 48.1413
8.3884 45.9842
8.3984 46.3094
8.4084 49.2109
8.4184 48.4137
8.4284 47.1530
8.4384 46.2322
8.4484 45.7370
8.4585 47.8347
8.4685 47.4631
8.4785 48.3123
8.4885 49.6577
8.4985 48.2021
8.5085 51.4106
8.5185 48.8124
8.5285 50.4489
8.5385 50.5415
8.5485 48.8740
8.5586 49.2936
8.5686 49.5979
8.5786 50.5215
8.5886 50.6619
8.5986 51.6370
8.6086 48.9467
8.6186 46.3044
8.6286 51.3062
8.6386 49.8351
8.6486 49.6617
8.6587 48.2135
8.6687 48.6478
8.6787 51.0355
8.6887 50.5715
8.6987 52.0498
8.7087 46.6813
8.7187 50.2610
8.7287 50.4231
8.7387 52.0175
8.7487 48.6019
8.7588 52.2040
8.7688 48.7665
8.7788 50.9960
8.7888 49.9200
8.7988 48.4338
8.8088 51.1269
8.8188 49.3295
8.8288 53.2151
8.8388 50.5765
8.8488 51.1093
8.8589 50.3092
8.8689 52.6396
8.8789 53.1228
8.8889 50.0445
8.8989 50.5759
8.9089 49.9143
8.9189 51.5031
8.9289 53.1665
8.9389 51.8239
8.9489 52.0175
8.9590 50.5279
8.9690 52.1685
8.9790 51.2987
8.9890 51.3301
8.9990 52.2742
9.0090 54.0311
9.0190 50.9939
9.0290 54.7626
9.0390 52.1476
9.0490 53.4175
9.0591 52.6602
9.0691 52.5359
9.0791 51.6038
9.0891 55.2011
9.0991 53.3727
9.1091 52.3951
9.1191 56.4974
9.1291 53.3411
9.1391 53.8102
9.1491 53.5235
9.1592 52.3792
9.1692 55.6645
9.1792 56.3978
9.1892 52.3329
9.1992 52.9973
9.2092 48.9980
9.2192 52.7160
9.2292 55.4833
9.2392 53.3761
9.2492 55.3614
9.2593 52.9007
9.2693 56.3541
9.2793 54.9668
9.2893 54.1629
9.2993 56.2721
9.3093 53.3491
9.3193 54.4827
9.3293 53.6687
9.3393 55.1126
9.3493 55.7807
9.3594 54.4488
9.3694 54.5195
9.3794 56.0531
9.3894 56.7337
9.3994 53.1816
9.4094 55.8607
9.4194 54.9892
9.4294 54.1925
9.4394 56.9598
9.4494 53.2978
9.4595 56.2043
9.4695 56.5344
9.4795 56.5992
9.4895 57.2684
9.4995 54.2861
9.5095 57.8447
9.5195 56.9528
9.5295 55.9638
9.5395 58.4551
9.5495 55.8364
9.5596 53.7678
9.5696 57.5478
9.5796 58.1463
9.5896 57.6049
9.5996 55.3561
9.6096 56.8469
9.6196 55.2852
9.6296 57.2882
9.6396 55.0561
9.6496 57.4979
9.6597 57.7616
9.6697 54.1164
9.6797 57.0164
9.6897 58.2261
9.6997 57.3132
9.7097 59.8021
9.7197 58.1975
9.7297 58.2212
9.7397 56.6641
9.7497 57.9124
9.7598 58.4255
9.7698 58.7760
9.7798 59.0285
9.7898 60.1804
9.7998 60.8881
9.8098 58.8232
9.8198 60.2674
9.8298 60.6490
9.8398 57.4371
9.8498 60.1677
9.8599 57.0667
9.8699 56.7159
9.8799 58.0173
9.8899 60.7555
9.8999 57.8456
9.9099 58.5114
9.9199 57.9175
9.9299 58.8667
9.9399 60.2376
9.9499 58.5506
9.9600 58.1449
9.9700 60.2578
9.9800 58.8386
9.9900 60.1968
10.0000 58.1074
