0.0000 5.6883
0.0100 4.9306
0.0200 5.1411
0.0300 5.4499
0.0400 5.0922
0.0501 5.6045
0.0601 5.7205
0.0701 7.2564
0.0801 6.9703
0.0901 6.4195
0.1001 4.6946
0.1101 5.7812
0.1201 5.4477
0.1301 5.4641
0.1401 6.4078
0.1502 6.5244
0.1602 6.1869
0.1702 5.5781
0.1802 5.5352
0.1902 5.7847
0.2002 7.1699
0.2102 7.2315
0.2202 6.5622
0.2302 6.7289
0.2402 5.9234
0.2503 7.1722
0.2603 6.7027
0.2703 7.0931
0.2803 6.2308
0.2903 6.1813
0.3003 6.5816
0.3103 6.1285
0.3203 6.8164
0.3303 5.7102
0.3403 6.0140
0.3504 7.1535
0.3604 7.5697
0.3704 7.6825
0.3804 7.6135
0.3904 6.2132
0.4004 6.2205
0.4104 6.4377
0.4204 7.3923
0.4304 5.9539
0.4404 5.8424
0.4505 7.5237
0.4605 6.2276
0.4705 6.3487
0.4805 6.9485
0.4905 6.9410
0.5005 6.7489
0.5105 7.2040
0.5205 6.0761
0.5305 7.2861
0.5405 6.7112
0.5506 6.6141
0.5606 6.4560
0.5706 7.3547
0.5806 6.5001
0.5906 7.4502
0.6006 6.3896
0.6106 7.4227
0.6206 7.6128
0.6306 7.3576
0.6406 7.7621
0.6507 7.9857
0.6607 7.8393
0.6707 6.7253
0.6807 6.8338
0.6907 7.8192
0.7007 7.5546
0.7107 7.5230
0.7207 7.2199
0.7307 8.0739
0.7407 8.3213
0.7508 6.7818
0.7608 7.4982
0.7708 8.2920
0.7808 8.0930
0.7908 7.9905
0.8008 8.2315
0.8108 9.2861
0.8208 7.7090
0.8308 6.9946
0.8408 7.9349
0.8509 8.1808
0.8609 7.1960
0.8709 7.9965
0.8809 9.3609
0.8909 8.3816
0.9009 7.7764
0.9109 8.5059
0.9209 8.8000
0.9309 8.7241
0.9409 8.5799
0.9510 9.1911
0.9610 8.7233
0.9710 8.8074
0.9810 8.5901
0.9910 8.2150
1.0010 7.6937
1.0110 8.0469
1.0210 8.5508
1.0310 8.5490
1.0410 7.4813
1.0511 9.0835
1.0611 8.8072
1.0711 8.0214
1.0811 9.2107
1.0911 9.0748
1.1011 8.8233
1.1111 9.2064
1.1211 8.3270
1.1311 8.8965
1.1411 8.6489
1.1512 9.3048
1.1612 9.1498
1.1712 10.1663
1.1812 9.2500
1.1912 9.6143
1.2012 9.8453
1.2112 10.0040
1.2212 9.8887
1.2312 9.0572
1.2412 8.2218
1.2513 9.0519
1.2613 9.2987
1.2713 9.8898
1.2813 10.3584
1.2913 9.3144
1.3013 8.8076
1.3113 10.0483
1.3213 9.5283
1.3313 8.5273
1.3413 9.4647
1.3514 8.5821
1.3614 9.7385
1.3714 9.5389
1.3814 9.9100
1.3914 10.9911
1.4014 9.4245
1.4114 10.1547
1.4214 10.3100
1.4314 11.1808
1.4414 9.4623
1.4515 8.5321
1.4615 9.7173
1.4715 11.3858
1.4815 9.6529
1.4915 9.9495
1.5015 9.8078
1.5115 9.9523
1.5215 8.9527
1.5315 10.0436
1.5415 8.3223
1.5516 8.8441
1.5616 8.9635
1.5716 9.5409
1.5816 9.7922
1.5916 11.1106
1.6016 10.1480
1.6116 9.1991
1.6216 12.4817
1.6316 9.2713
1.6416 10.8414
1.6517 11.4113
1.6617 9.7036
1.6717 10.6968
1.6817 9.7565
1.6917 10.3187
1.7017 10.5480
1.7117 9.3604
1.7217 9.3793
1.7317 10.0480
1.7417 10.6573
1.7518 10.9428
1.7618 10.4736
1.7718 10.5640
1.7818 8.6746
1.7918 9.6773
1.8018 9.8774
1.8118 10.5369
1.8218 9.6090
1.8318 9.7094
1.8418 10.1195
1.8519 10.6945
1.8619 10.7451
1.8719 10.3247
1.8819 11.6815
1.8919 10.7654
1.9019 10.6911
1.9119 9.5560
1.9219 10.3394
1.9319 10.1209
1.9419 12.1969
1.9520 12.1078
1.9620 11.1148
1.9720 12.1776
1.9820 10.6580
1.9920 11.2088
2.0020 10.9257
2.0120 12.3620
2.0220 11.7815
2.0320 11.5314
2.0420 12.6445
2.0521 10.6162
2.0621 13.2844
2.0721 11.5583
2.0821 10.7647
2.0921 10.4252
2.1021 11.6767
2.1121 12.9908
2.1221 10.5493
2.1321 11.1174
2.1421 11.2727
2.1522 11.5425
2.1622 10.8884
2.1722 12.3118
2.1822 11.0338
2.1922 12.3896
2.2022 12.2009
2.2122 11.6986
2.2222 12.1030
2.2322 10.7573
2.2422 11.6911
2.2523 11.2250
2.2623 11.8509
2.2723 11.4022
2.2823 11.5025
2.2923 12.4154
2.3023 11.8098
2.3123 12.8780
2.3223 11.8661
2.3323 12.3470
2.3423 12.5986
2.3524 12.0378
2.3624 11.7672
2.3724 11.8408
2.3824 11.3272
2.3924 13.4240
2.4024 11.8681
2.4124 11.5355
2.4224 13.3871
2.4324 13.2710
2.4424 11.6768
2.4525 12.2155
2.4625 12.2881
2.4725 11.5762
2.4825 12.2200
2.4925 13.4974
2.5025 13.6210
2.5125 13.0406
2.5225 11.3952
2.5325 11.6727
2.5425 11.8335
2.5526 13.4317
2.5626 11.8221
2.5726 13.5464
2.5826 13.8009
2.5926 13.3290
2.6026 14.1455
2.6126 13.4406
2.6226 12.6558
2.6326 14.7571
2.6426 12.2384
2.6527 12.1295
2.6627 13.1365
2.6727 13.5770
2.6827 11.8064
2.6927 13.2843
2.7027 14.3615
2.7127 13.5607
2.7227 14.0251
2.7327 13.0981
2.7427 12.9897
2.7528 13.1557
2.7628 13.1813
2.7728 12.6542
2.7828 13.3795
2.7928 14.3655
2.8028 12.8903
2.8128 13.6203
2.8228 13.4732
2.8328 12.3725
2.8428 13.6917
2.8529 13.9055
2.8629 12.4868
2.8729 14.3912
2.8829 13.3860
2.8929 13.2929
2.9029 13.7897
2.9129 13.4924
2.9229 12.9015
2.9329 13.0929
2.9429 14.7399
2.9530 13.2590
2.9630 13.2964
2.9730 13.7583
2.9830 13.0449
2.9930 13.2642
3.0030 14.5219
3.0130 13.6312
3.0230 13.2928
3.0330 13.4030
3.0430 13.5806
3.0531 13.4543
3.0631 13.3894
3.0731 13.5884
3.0831 13.6397
3.0931 13.3457
3.1031 15.4164
3.1131 14.2797
3.1231 14.2032
3.1331 15.4674
3.1431 13.7220
3.1532 15.2302
3.1632 14.5232
3.1732 15.1500
3.1832 13.9963
3.1932 14.2755
3.2032 14.4049
3.2132 14.2233
3.2232 14.6069
3.2332 13.0468
3.2432 12.3512
3.2533 14.7017
3.2633 14.2092
3.2733 15.4929
3.2833 15.0782
3.2933 14.9194
3.3033 15.9791
3.3133 13.7869
3.3233 15.5242
3.3333 14.6850
3.3433 14.5319
3.3534 15.2709
3.3634 13.7445
3.3734 15.3397
3.3834 15.6773
3.3934 15.0505
3.4034 16.1654
3.4134 15.1233
3.4234 14.0827
3.4334 15.4120
3.4434 14.8339
3.4535 16.0775
3.4635 15.5302
3.4735 15.6156
3.4835 15.4672
3.4935 14.6726
3.5035 16.0397
3.5135 15.7694
3.5235 15.1704
3.5335 14.9565
3.5435 16.7343
3.5536 16.5737
3.5636 14.3467
3.5736 14.3310
3.5836 15.4268
3.5936 14.8316
3.6036 15.3449
3.6136 15.4510
3.6236 16.1028
3.6336 14.2780
3.6436 15.1123
3.6537 15.0655
3.6637 14.5817
3.6737 16.3111
3.6837 15.6696
3.6937 15.6130
3.7037 14.9952
3.7137 15.4368
3.7237 16.0973
3.7337 14.6977
3.7437 16.1393
3.7538 14.9926
3.7638 15.5856
3.7738 15.7658
3.7838 16.5495
3.7938 16.9724
3.8038 16.2033
3.8138 15.4092
3.8238 17.1029
3.8338 16.3150
3.8438 16.5803
3.8539 15.2451
3.8639 16.8902
3.8739 17.6472
3.8839 16.4328
3.8939 16.3706
3.9039 17.3728
3.9139 16.4285
3.9239 15.5014
3.9339 15.9796
3.9439 15.6065
3.9540 17.6802
3.9640 17.4634
3.9740 15.9088
3.9840 16.7625
3.9940 16.3959
4.0040 16.8590
4.0140 17.2465
4.0240 16.4170
4.0340 15.5056
4.0440 15.7013
4.0541 16.8732
4.0641 17.1268
4.0741 17.1662
4.0841 16.0183
4.0941 16.0901
4.1041 16.6743
4.1141 17.3148
4.1241 17.1567
4.1341 17.6352
4.1441 17.3624
4.1542 16.6974
4.1642 17.3715
4.1742 18.1516
4.1842 17.0116
4.1942 15.8799
4.2042 18.0283
4.2142 16.0481
4.2242 15.7137
4.2342 17.0234
4.2442 17.8952
4.2543 17.2753
4.2643 16.9676
4.2743 17.1554
4.2843 17.0670
4.2943 16.8799
4.3043 16.6012
4.3143 16.6177
4.3243 17.4884
4.3343 16.5747
4.3443 17.5262
4.3544 18.7089
4.3644 17.6115
4.3744 18.0611
4.3844 18.2348
4.3944 17.1033
4.4044 17.7673
4.4144 17.8544
4.4244 17.8652
4.4344 18.0906
4.4444 17.7161
4.4545 18.6566
4.4645 18.4684
4.4745 18.1448
4.4845 18.2111
4.4945 19.4841
4.5045 18.8037
4.5145 18.1349
4.5245 19.0069
4.5345 18.3459
4.5445 18.5653
4.5546 18.5029
4.5646 17.3406
4.5746 18.3921
4.5846 17.7633
4.5946 18.0370
4.6046 18.2550
4.6146 20.7054
4.6246 19.0948
4.6346 17.9708
4.6446 18.1216
4.6547 19.2422
4.6647 18.4467
4.6747 18.3700
4.6847 19.4387
4.6947 18.1967
4.7047 18.8608
4.7147 18.6671
4.7247 18.2794
4.7347 19.2966
4.7447 18.2702
4.7548 18.3590
4.7648 19.5194
4.7748 19.3043
4.7848 20.1554
4.7948 18.8866
4.8048 20.5299
4.8148 18.5164
4.8248 18.9953
4.8348 19.4100
4.8448 19.3175
4.8549 18.4789
4.8649 17.6154
4.8749 18.3981
4.8849 18.3106
4.8949 19.8855
4.9049 19.1750
4.9149 18.9873
4.9249 19.2008
4.9349 17.8233
4.9449 19.7256
4.9550 19.8246
4.9650 18.5246
4.9750 18.6417
4.9850 19.3290
4.9950 19.1441
5.0050 19.1469
5.0150 19.2748
5.0250 19.5009
5.0350 18.9617
5.0450 18.7329
5.0551 20.9281
5.0651 19.5173
5.0751 19.8628
5.0851 20.3212
5.0951 19.6292
5.1051 19.9214
5.1151 19.7826
5.1251 18.5090
5.1351 20.8778
5.1451 20.4801
5.1552 19.7195
5.1652 19.6824
5.1752 19.8930
5.1852 20.2579
5.1952 21.5400
5.2052 18.8551
5.2152 19.2079
5.2252 19.7456
5.2352 20.1977
5.2452 19.7482
5.2553 18.7616
5.2653 20.3716
5.2753 19.3945
5.2853 20.4476
5.2953 20.7162
5.3053 22.0487
5.3153 19.9784
5.3253 20.4742
5.3353 21.0696
5.3453 19.2412
5.3554 20.8752
5.3654 19.8469
5.3754 21.5213
5.3854 20.1844
5.3954 20.9634
5.4054 21.1569
5.4154 20.4766
5.4254 21.6069
5.4354 20.9981
5.4454 21.6641
5.4555 21.0642
5.4655 20.8553
5.4755 21.8258
5.4855 20.1199
5.4955 20.4230
5.5055 20.0633
5.5155 20.9490
5.5255 20.7053
5.5355 20.7561
5.5455 20.5483
5.5556 21.9848
5.5656 20.7786
5.5756 21.0543
5.5856 21.9364
5.5956 19.3007
5.6056 20.5134
5.6156 20.4600
5.6256 20.5010
5.6356 20.8611
5.6456 21.4190
5.6557 20.5506
5.6657 21.5854
5.6757 21.2637
5.6857 22.3101
5.6957 19.7633
5.7057 21.4274
5.7157 20.7871
5.7257 23.2263
5.7357 20.6610
5.7457 20.4203
5.7558 22.5240
5.7658 21.6338
5.7758 21.9839
5.7858 22.4166
5.7958 19.3375
5.8058 22.2119
5.8158 21.6105
5.8258 21.3708
5.8358 21.8375
5.8458 22.3150
5.8559 21.1113
5.8659 21.9015
5.8759 21.2554
5.8859 21.6597
5.8959 22.7452
5.9059 22.4823
5.9159 22.4354
5.9259 22.4380
5.9359 22.9011
5.9459 21.0063
5.9560 22.5880
5.9660 23.0984
5.9760 21.9015
5.9860 21.6087
5.9960 21.5536
6.0060 22.0419
6.0160 23.6297
6.0260 22.3763
6.0360 21.5978
6.0460 22.2929
6.0561 23.0674
6.0661 21.2734
6.0761 22.9908
6.0861 23.4951
6.0961 23.7122
6.1061 22.7005
6.1161 21.9095
6.1261 22.2507
6.1361 23.4987
6.1461 23.1532
6.1562 22.9394
6.1662 22.2893
6.1762 22.8314
6.1862 23.5441
6.1962 22.2143
6.2062 21.9033
6.2162 22.6512
6.2262 22.1551
6.2362 23.2983
6.2462 22.7383
6.2563 22.0955
6.2663 23.6581
6.2763 23.1833
6.2863 22.3370
6.2963 23.5478
6.3063 22.2964
6.3163 24.1834
6.3263 23.8160
6.3363 23.2165
6.3463 22.4589
6.3564 23.1771
6.3664 22.6206
6.3764 24.3564
6.3864 23.1650
6.3964 23.3478
6.4064 22.6400
6.4164 22.6483
6.4264 23.4976
6.4364 23.3894
6.4464 24.6279
6.4565 23.2490
6.4665 23.4999
6.4765 22.4671
6.4865 22.8174
6.4965 24.0900
6.5065 23.5240
6.5165 23.7854
6.5265 24.0199
6.5365 23.3664
6.5465 24.6996
6.5566 25.0725
6.5666 24.3895
6.5766 23.2213
6.5866 23.3664
6.5966 24.0927
6.6066 24.5375
6.6166 22.1480
6.6266 24.7585
6.6366 24.0724
6.6466 24.3663
6.6567 24.5986
6.6667 24.1259
6.6767 24.2372
6.6867 23.5341
6.6967 24.1472
6.7067 23.2567
6.7167 24.6544
6.7267 24.0273
6.7367 25.4931
6.7467 23.0604
6.7568 22.8329
6.7668 24.3182
6.7768 24.3210
6.7868 24.0231
6.7968 24.2708
6.8068 23.9246
6.8168 24.8300
6.8268 23.4954
6.8368 23.6729
6.8468 24.8383
6.8569 24.2569
6.8669 24.1886
6.8769 23.9310
6.8869 24.5708
6.8969 23.8402
6.9069 24.2696
6.9169 24.5395
6.9269 26.2884
6.9369 25.3424
6.9469 23.4862
6.9570 24.7981
6.9670 24.7400
6.9770 23.9584
6.9870 25.8558
6.9970 25.2249
7.0070 24.2179
7.0170 24.0674
7.0270 25.9434
7.0370 26.0023
7.0470 25.3116
7.0571 25.2996
7.0671 24.2261
7.0771 26.4634
7.0871 25.3514
7.0971 24.4851
7.1071 24.7009
7.1171 25.0660
7.1271 25.5964
7.1371 25.2300
7.1471 23.8802
7.1572 23.7611
7.1672 25.0246
7.1772 24.4175
7.1872 24.5812
7.1972 25.8086
7.2072 26.4773
7.2172 24.8839
7.2272 26.3337
7.2372 24.7772
7.2472 25.9654
7.2573 25.1562
7.2673 25.0778
7.2773 26.2131
7.2873 25.6851
7.2973 25.7061
7.3073 26.3141
7.3173 26.4256
7.3273 25.8892
7.3373 25.9995
7.3473 26.6239
7.3574 27.1702
7.3674 25.5505
7.3774 25.8769
7.3874 26.4218
7.3974 25.6264
7.4074 26.2600
7.4174 25.0244
7.4274 24.4721
7.4374 26.3823
7.4474 26.0692
7.4575 27.0558
7.4675 25.9926
7.4775 26.2731
7.4875 26.0591
7.4975 26.1714
7.5075 26.1808
7.5175 25.7529
7.5275 27.2239
7.5375 25.9674
7.5475 25.9596
7.5576 26.5737
7.5676 26.7799
7.5776 26.4972
7.5876 25.6708
7.5976 26.5686
7.6076 26.1405
7.6176 27.0440
7.6276 26.8044
7.6376 27.4832
7.6476 26.5136
7.6577 26.5068
7.6677 27.0138
7.6777 27.2346
7.6877 27.7688
7.6977 27.0978
7.7077 25.7178
7.7177 26.6653
7.7277 27.9112
7.7377 27.6728
7.7477 28.4040
7.7578 27.3889
7.7678 27.7628
7.7778 25.6669
7.7878 26.1863
7.7978 26.9497
7.8078 28.6513
7.8178 26.2428
7.8278 27.2882
7.8378 27.1884
7.8478 27.1314
7.8579 27.5551
7.8679 27.6433
7.8779 26.9173
7.8879 26.8267
7.8979 27.7129
7.9079 27.3749
7.9179 27.3474
7.9279 27.5833
7.9379 27.3805
7.9479 27.4534
7.9580 27.0423
7.9680 26.9636
7.9780 28.6576
7.9880 28.6824
7.9980 27.5530
8.0080 27.4723
8.0180 28.2902
8.0280 25.4190
8.0380 28.2212
8.0480 28.6185
8.0581 27.0027
8.0681 28.6687
8.0781 28.0112
8.0881 29.5091
8.0981 27.6867
8.1081 27.2040
8.1181 28.7389
8.1281 28.6055
8.1381 28.0584
8.1481 27.8910
8.1582 27.4672
8.1682 28.5402
8.1782 28.3053
8.1882 27.6196
8.1982 27.2564
8.2082 29.1773
8.2182 28.2444
8.2282 28.0433
8.2382 28.3485
8.2482 29.0869
8.2583 27.6715
8.2683 28.8838
8.2783 28.4176
8.2883 28.0230
8.2983 28.2416
8.3083 29.8073
8.3183 29.1036
8.3283 28.6911
8.3383 28.4505
8.3483 29.0279
8.3584 27.7938
8.3684 29.1957
8.3784 28.5913
8.3884 29.3622
8.3984 30.1861
8.4084 29.3819
8.4184 28.1013
8.4284 29.2064
8.4384 28.9416
8.4484 28.6247
8.4585 29.0970
8.4685 28.5505
8.4785 29.2356
8.4885 28.6350
8.4985 29.6854
8.5085 30.5418
8.5185 28.9596
8.5285 29.8886
8.5385 28.7081
8.5485 30.2948
8.5586 30.1728
8.5686 30.2618
8.5786 28.1202
8.5886 29.5712
8.5986 29.6549
8.6086 29.9156
8.6186 29.4395
8.6286 28.6484
8.6386 28.7359
8.6486 29.4272
8.6587 29.0442
8.6687 29.1323
8.6787 30.4009
8.6887 30.3367
8.6987 29.8931
8.7087 28.8687
8.7187 29.3130
8.7287 30.6406
8.7387 28.9443
8.7487 28.8874
8.7588 31.4422
8.7688 30.3817
8.7788 30.9013
8.7888 30.5716
8.7988 30.2274
8.8088 30.5486
8.8188 30.1484
8.8288 29.9694
8.8388 30.2551
8.8488 29.1768
8.8589 30.4035
8.8689 30.5146
8.8789 30.0918
8.8889 30.2041
8.8989 30.1666
8.9089 29.1155
8.9189 29.0267
8.9289 29.4470
8.9389 28.6477
8.9489 30.7228
8.9590 30.0569
8.9690 29.1667
8.9790 30.6388
8.9890 28.9675
8.9990 31.2729
9.0090 30.9884
9.0190 29.9352
9.0290 30.3569
9.0390 30.2281
9.0490 30.8467
9.0591 30.7264
9.0691 30.8693
9.0791 30.9792
9.0891 29.0936
9.0991 29.4305
9.1091 31.1689
9.1191 31.1081
9.1291 31.2891
9.1391 29.8246
9.1491 30.1862
9.1592 31.6467
9.1692 30.7068
9.1792 30.7385
9.1892 30.3259
9.1992 30.9960
9.2092 30.0750
9.2192 31.2842
9.2292 32.1773
9.2392 31.5367
9.2492 31.4365
9.2593 31.6306
9.2693 30.8481
9.2793 30.7472
9.2893 31.2571
9.2993 30.8006
9.3093 31.0244
9.3193 30.9144
9.3293 31.4014
9.3393 31.0514
9.3493 30.1937
9.3594 32.5593
9.3694 31.7814
9.3794 31.4817
9.3894 31.4897
9.3994 31.9317
9.4094 31.6123
9.4194 32.0648
9.4294 31.4752
9.4394 31.2714
9.4494 31.1589
9.4595 31.1000
9.4695 32.5180
9.4795 31.1060
9.4895 32.2557
9.4995 31.6485
9.5095 32.1692
9.5195 32.8403
9.5295 30.7303
9.5395 32.0553
9.5495 31.6563
9.5596 32.2990
9.5696 32.5752
9.5796 31.9111
9.5896 31.6594
9.5996 31.8471
9.6096 34.0496
9.6196 32.4323
9.6296 31.7388
9.6396 33.1677
9.6496 32.2850
9.6597 32.6862
9.6697 31.5564
9.6797 32.3560
9.6897 31.9992
9.6997 30.3773
9.7097 31.9305
9.7197 32.4262
9.7297 33.1683
9.7397 31.0758
9.7497 32.8665
9.7598 32.4844
9.7698 32.9980
9.7798 33.9851
9.7898 32.2900
9.7998 32.4316
9.8098 32.3000
9.8198 33.3809
9.8298 33.2523
9.8398 33.2827
9.8498 32.9430
9.8599 32.6844
9.8699 32.0534
9.8799 32.2500
9.8899 33.8182
9.8999 32.9080
9.9099 32.6941
9.9199 33.0200
9.9299 33.1395
9.9399 32.6901
9.9499 33.3661
9.9600 33.2439
9.9700 33.1350
9.9800 32.3446
9.9900 33.5627
10.0000 34.2699
